[
  {
    "entity": "power_socket",
    "obb": {
      "center": [
        0.27082778552126385,
        0.20715047580719048,
        0.5404668805583905
      ],
      "extent": [
        0.029682441599668482,
        0.018031076027311452,
        0.006
      ],
      "rotation": [
        [
          0.0,
          0.9889435954049798,
          -0.14829216130824935
        ],
        [
          -0.0,
          0.14829216130824932,
          0.9889435954049797
        ],
        [
          1.0,
          0.0,
          0.0
        ]
      ]
    }
  },
  {
    "entity": "ethernet_socket",
    "obb": {
      "center": [
        0.16508231671277868,
        0.1278973392532367,
        0.858277908208941
      ],
      "extent": [
        0.02,
        0.012415317555244337,
        0.006
      ],
      "rotation": [
        [
          0.0,
          0.038726309880690715,
          -0.9992498551018283
        ],
        [
          -0.0,
          0.9992498551018283,
          0.038726309880690715
        ],
        [
          1.0,
          0.0,
          0.0
        ]
      ]
    }
  },
  {
    "entity": "hdmi_socket_left",
    "obb": {
      "center": [
        0.24821397594634856,
        0.23352698192675334,
        0.838091133598797
      ],
      "extent": [
        0.008584580997167069,
        0.006,
        0.006
      ],
      "rotation": [
        [
          0.0,
          0.9906202452242837,
          -0.13664380611568208
        ],
        [
          -0.0,
          0.13664380611568208,
          0.9906202452242837
        ],
        [
          1.0,
          0.0,
          0.0
        ]
      ]
    }
  },
  {
    "entity": "usb_socket_top_right",
    "obb": {
      "center": [
        0.181192779181955,
        0.1276694911488788,
        0.897073791246901
      ],
      "extent": [
        0.016,
        0.0073301171138852594,
        0.006
      ],
      "rotation": [
        [
          0.0,
          0.7108608960333545,
          -0.7033326286250742
        ],
        [
          -0.0,
          0.7033326286250742,
          0.7108608960333545
        ],
        [
          1.0,
          0.0,
          0.0
        ]
      ]
    }
  }
]