[
  {
    "entity": "power_socket",
    "obb": {
      "center": [
        0.27082778552126385,
        0.20715047580719048,
        0.5404668805583905
      ],
      "extent": [
        0.029682441599668482,
        0.018031076027311452,
        0.006
      ],
      "rotation": [
        [
          0.0,
          0.9889435954049798,
          -0.14829216130824935
        ],
        [
          -0.0,
          0.14829216130824932,
          0.9889435954049797
        ],
        [
          1.0,
          0.0,
          0.0
        ]
      ]
    }
  },
  {
    "entity": "ethernet_socket",
    "obb": {
      "center": [
        0.28185775467129115,
        0.22452068373010886,
        0.849431202127927
      ],
      "extent": [
        0.022527307002642962,
        0.017686075307721913,
        0.006
      ],
      "rotation": [
        [
          0.0,
          0.990618732081649,
          -0.13665477542678944
        ],
        [
          -0.0,
          0.13665477542678944,
          0.990618732081649
        ],
        [
          1.0,
          0.0,
          0.0
        ]
      ]
    }
  },
  {
    "entity": "vga_socket",
    "obb": {
      "center": [
        0.27024934671806367,
        0.2256265544445318,
        0.8346876010039913
      ],
      "extent": [
        0.035135249434483054,
        0.01170730746613868,
        0.006
      ],
      "rotation": [
        [
          0.0,
          0.9903084643004669,
          -0.13888536831808773
        ],
        [
          -0.0,
          0.13888536831808773,
          0.9903084643004669
        ],
        [
          1.0,
          0.0,
          0.0
        ]
      ]
    }
  },
  {
    "entity": "usb_port",
    "obb": {
      "center": [
        0.3853286152255131,
        0.3202825119134121,
        0.6977638380728071
      ],
      "extent": [
        0.2500951993208711,
        0.11504936692782022,
        0.006
      ],
      "rotation": [
        [
          0.0,
          0.9891038164821808,
          -0.14721970051044297
        ],
        [
          -0.0,
          0.14721970051044297,
          0.9891038164821808
        ],
        [
          1.0,
          0.0,
          0.0
        ]
      ]
    }
  }
]
